# fuctions
infExact
meanZero
covMaternard
5
likGauss
# ndim and ndata
6 801
# hyperparameter mean
# hyperparameter cov
  1.02755454661563683239e+00
  3.75583955102790578717e-01
  6.91055667251570748810e-01
 -9.77925759416559542414e-02
  7.71109803864428067222e-01
  1.18451678954226946594e+00
  4.10680717324883470809e+00
# hyperparameter lik
 -5.21697468976255329665e+00
# training data
reverse
    1.8176000    1.8205000    6.5281000    2.8639000    7.1798000    5.1042000   -0.70186338
    1.8616000    2.1264000   10.1630000    2.2164000   10.1681000   10.1814000    0.63370985
    1.6800000    2.2840000   10.3409000    2.8097000   10.8114000   10.7389000    0.51506398
    1.9213000    1.9399000   10.1087000    3.8213000   10.2843000   10.2847000    0.88340897
    1.6394000    2.4024000    8.7894000    3.1129000    8.7776000    8.5239000    0.92977010
    1.5506000    1.8924000   10.7708000    2.7959000   10.8317000   10.8425000    0.05864693
    1.7626000    1.8463000   12.0331000    3.5731000   12.1633000   12.1631000    0.57998995
    1.8594000    1.9875000   12.8000000    3.7114000   12.9259000   12.9291000    0.52231967
    1.8863000    2.3858000   13.4442000    4.1757000   13.5931000   13.6044000    2.03063000
    1.7448000    2.1650000    8.7944000    3.5823000    9.1201000    8.2660000    0.47904323
    1.8743000    2.3452000   13.1003000    4.1856000   13.2630000   13.2617000    2.15643924
    1.9296000    2.3080000   12.6464000    4.2012000   12.6039000   13.0484000    2.08789003
    2.0418000    2.2347000   13.5698000    4.2374000   13.6712000   13.7774000    2.06473738
    1.8145000    2.4846000    6.8055000    3.2955000    7.8159000    6.1310000    0.88698403
    1.9045000    1.9669000   11.6804000    3.2243000   13.0878000   12.3189000   -0.42327192
    2.1504000    2.5099000    6.2735000    3.1278000    4.6744000    7.4697000    1.54256246
    1.7748110    1.8619027    9.8792868    2.2315092   11.0512382   10.0630335   -0.03710864
    1.9739933    2.3343975    8.0387821    3.0458738    6.5976100    7.5629503    0.58860095
    2.2782216    2.3875383    9.8141518    2.9272030   11.7217065   11.6141363    1.63277196
    1.6271008    2.5587380    9.2004159    3.6335196   10.6538379    8.6308760    1.72290383
    2.1211485    2.4129511    9.8125188    3.5256800   10.7136156    8.5295217    1.12703190
    1.4624869    2.1069195    8.6519537    2.2627514    9.9787797    8.4423922    1.79384898
    1.9946663    2.7853755    7.4649780    3.7451378    8.1001215    9.2767358    2.00211905
    1.6182856    2.3066665    6.4288905    3.6663855    6.6501500    6.3424616    1.40135125
    2.1193068    2.2853135    8.8322371    2.7263882    9.2347895   10.8885667    0.97671383
    1.9829619    2.3780194    8.7972707    3.1294336   10.7754036    8.9227486    0.72331580
    1.7681921    1.7946846    9.5476774    3.1267826   10.6251651   10.3707404   -0.49666428
    2.0125676    2.1924849    7.7999723    4.1369770    8.1773398    7.5418577    1.70086596
    2.2199510    2.2306016    8.8598969    3.9152886    7.0470967   10.7747381    1.20010049
    1.5287224    1.9990415   10.4569524    3.3353634   11.9795186    8.9189740    1.03451921
    2.0742097    2.6842605   10.2691134    3.4643884   11.1044155   11.8229378    1.83327926
    1.8003649    1.8357753    6.4461699    2.3013682    7.3305639    7.4121261   -0.19093652
    2.1705724    2.6636867    6.4004764    3.6222379    8.4416755    5.5929012    2.00349246
    1.6028961    1.7703912    7.5431877    2.6074834    7.5275054    9.2090525   -0.24445116
    1.4257215    1.6218240    7.0745724    2.1458008    7.2303830    5.4539161    1.81012158
    2.2262480    2.3139139   10.1774488    3.0098869   10.9073365   10.2580276    1.18367132
    1.7852613    2.6149408    6.1219349    4.0463318    5.2608898    8.5038912    1.97027280
    1.6535508    1.8813590    7.8887665    2.7666492    6.7711304    9.4359328   -0.43350848
    1.9043469    2.7911922   11.6933744    3.5287557   11.5538400    9.2919519    1.86665427
    1.7249240    2.6855572    9.2219847    3.3036064    9.1204687   11.8875689    1.59865970
    2.0352935    2.4339086    6.3764076    2.2117171    4.4403616    5.0845582    1.86064341
    1.6179951    1.9686200    7.0709838    2.9114656    6.5833829    5.8155877   -0.18122309
    1.6493734    1.7415376    8.0627599    2.8719666    6.9272232    7.8802246   -0.37908779
    1.7737033    2.0435939   10.5122589    3.3373345    8.7790589   11.7471524   -0.16001825
    1.8309444    2.7492800   11.0537091    3.9300160   11.2902583   10.7971818    1.95239616
    1.5814887    2.0719781    6.4310098    2.1526029    7.8449467    8.1006475    1.03810510
    2.1764856    2.3467619    8.5754600    2.9203624   10.4673557    8.1512167    1.19340989
    1.9057416    2.0082778   10.9937934    3.2717225    9.5295498   12.7603576   -0.33157575
    1.9349656    2.0237845   10.0158802    3.4358969   11.7043798    9.9250618   -0.13037327
    2.0256700    2.7257734    7.1431275    3.1310129    8.3867137    5.8433468    1.93790406
    1.7155597    2.4954510    8.7179109    3.1113284    8.6034940    6.4175314    1.02805018
    1.7054281    1.9804031   12.4566738    2.4941916   11.6639754   12.7057094   -0.16828195
    1.9611243    2.1556273    7.4323203    4.0873471    9.0697184    5.8084459    1.62881932
    1.6702516    2.4373548   10.8725956    3.6486115   10.7601290    9.4470186    1.29889139
    2.2116168    2.2853327    9.8226007    4.2191747    8.9720503   11.9089215    1.87309173
    1.8786890    1.9135251    7.1722089    3.2915850    6.6385780    6.2528171   -0.41643963
    1.9019057    2.0772149    6.6680742    3.2050909    6.3088644    8.4551453   -0.25078426
    1.8514842    2.1441434    9.4401739    3.1880166   10.2411185   11.1906905   -0.12255615
    1.6879695    1.7533510    9.6638092    2.6810467    8.0353955   10.5560752   -0.52910237
    1.9516576    1.9980379    9.3767480    3.0209284    9.7669464    9.8910640   -0.37898061
    1.7473682    1.9389465    7.3542784    2.9856236    8.0214033    5.7013869   -0.55205898
    2.0064412    2.0192849    7.7659112    3.3942143    8.2043830    7.0953815   -0.11626897
    1.7790437    2.0463052    8.0068227    3.1605214    6.7743419    9.4280215   -0.33141003
    1.8855557    2.1449399    7.6811678    3.1394942    6.9866787    9.2957584   -0.11497994
    1.9073949    1.9312765    6.9255270    2.6553999    6.4695501    5.4194465   -0.40676674
    1.6592225    1.7630259    6.8806824    2.7758938    8.1339105    5.5661883   -0.47702564
    1.6778615    1.7525989    8.4519623    2.7037342    9.9718860    8.8649750   -0.51217531
    1.6282017    1.7713170    6.7846394    2.5587230    5.7006979    8.2282141   -0.31585307
    1.7572062    1.9163651    6.5143107    2.9289391    6.2616702    8.3422348   -0.60307372
    1.9867548    2.0211218    6.8804175    2.8686679    6.2893173    7.2682686   -0.22508751
    1.6748361    1.7573007    8.9019129    2.9059409    8.1155096    8.4233504   -0.46185203
    1.7812495    1.8777483    7.2314085    2.8612010    7.2714859    6.0421124   -0.66254190
    1.8443135    1.9127945   12.5091472    3.0234540   11.9561780   11.0837109   -0.61180841
    1.7088612    1.9959117    9.2098856    2.8881570    8.9759338   11.1376726   -0.40176176
    1.8300315    2.3746025   10.8115117    4.1386203   11.8656104    9.0885153    2.06852314
    2.2350778    3.0351970    8.7513217    3.8218514   10.5002749    9.0975428    3.20219515
    1.4691766    2.3968902    6.6320791    2.5975001    5.2876248    7.4917888    2.28714463
    1.6317415    2.8262749    9.1268979    3.6810179   10.6679243    7.9179876    2.36538665
    1.5160736    2.5015340   10.8547714    3.6608302   11.7125433   10.9362481    2.44629558
    2.3116401    2.5874667    7.4126034    4.0757892    8.2471180    9.5501602    2.35450746
    2.0737580    2.7613270    8.8782587    3.3170697    8.5231073   11.1647987    2.09036594
    2.2160721    2.5917515    9.6595339    4.3621881   10.5745052   10.3942399    2.54433334
    2.0763525    2.8073213    7.3220405    3.9607687    8.9433342    5.0876736    2.28701927
    2.2507624    2.5453528    9.6461277    2.5142084    9.5048685    8.7084095    2.39980063
    1.9773586    2.9297611    7.5498748    3.8543064    8.1650933    9.3157052    2.37848913
    1.6982281    3.1304349    7.2989990    3.9579755    7.9496207    7.2995373    2.94322562
    1.8637505    1.8767291    6.2703349    2.4037492    4.7971401    7.1125713   -0.25796845
    1.6817207    1.9890180   10.9255139    2.8403768   10.1749748   12.4056241   -0.35148925
    1.7042214    1.8459787   11.5266069    2.7639549   12.5273292   10.7353801   -0.58294405
    1.6625750    2.0061554    7.5189994    2.8685900    6.6373593    7.9584402   -0.27268916
    1.7572137    1.7600619   11.8660502    2.4343696   12.9438218   11.9862045   -0.41082419
    1.7884200    1.8752583    7.7210846    2.8770550    9.4954498    7.6739133   -0.66578091
    1.8133082    1.8688419    7.1481207    2.9492156    8.8192425    7.0471662   -0.67240504
    1.8026460    2.0430203    8.5334389    3.3631002    8.8469421   10.0520031   -0.16717052
    1.8193655    1.9321895   10.2161593    3.3254262   11.9162733    9.6253343   -0.33016985
    1.9446737    1.9759236   10.1509630    2.9444335   11.8069568   11.1447355   -0.41991154
    1.8880136    1.9810539    6.8711947    2.9584351    7.1389689    8.1831715   -0.49133818
    1.9024217    1.9288009   10.0966687    3.2838595   11.7886529    8.8412873   -0.40900057
    1.6960783    1.8422761    7.7537774    2.8258966    9.4170723    7.3579272   -0.57664977
    2.2906172    2.5828931    9.9304413    2.9041556   10.0194296    9.6069718    2.32531753
    2.3165832    2.5842804    7.6150278    3.9588111    9.1431822    8.7650718    2.28031207
    1.4461164    2.2151319    8.7303046    2.9087815    9.6474532   10.3155552    1.69707261
    1.4488443    2.3225709    6.8109897    3.5208475    8.0439875    5.9706063    2.63482067
    2.4816685    2.9798760    6.6082512    3.9867663    4.2281282    7.9383649    3.77983458
    2.1475086    2.3983786   10.1172784    3.5420445   11.9754433    9.1193344    1.15219540
    1.7990828    2.6029452   11.0766292    2.9948433   11.4351457    9.7610380    1.36150939
    1.6645825    1.8001289    6.3217847    2.7965980    5.5009738    5.6582509   -0.50884275
    1.6143871    1.8293023    6.1905721    2.7050110    5.3166327    5.4772135   -0.32481350
    2.3786110    2.5606755    6.2312244    3.4675621    3.8652101    6.5223252    2.28320415
    1.6455964    1.9360271   10.3878137    3.0376426    9.0988318   11.4822937   -0.26631391
    1.9281169    1.9377836   11.0129324    2.9551468   12.6275619    9.8305015   -0.51121820
    1.7664420    1.9150197    7.3047200    2.8679806    6.2697657    8.3030690   -0.61204145
    1.4847710    1.9213439    8.0442805    2.5976422    8.9664284    6.4765140    0.64072584
    1.6764209    1.8539219    6.9636416    2.6993688    8.5119420    7.0998927   -0.50290360
    1.6567005    1.8587051    7.0410728    2.8704306    8.6333367    6.1385106   -0.45867447
    1.7313085    1.8075281    8.4122423    3.2924212    8.2560290    7.6455222   -0.12798497
    1.7975377    1.9611931    7.1896710    3.0517077    5.4725846    7.5899920   -0.54347590
    1.6398247    1.8542582   11.3752484    2.6050180   10.1695194   10.5357048   -0.34630192
    1.6976131    1.7769084    6.9451742    2.6134258    6.4801681    5.5246036   -0.53206279
    1.6366215    1.9731693   10.7125527    2.6255469   10.8797021    9.3990346   -0.15525182
    1.6540257    1.8546990    9.0555689    2.9075051   10.6800381    8.2743214   -0.43462982
    1.5980257    2.7939196    6.7797861    3.2170405    6.0289338    7.4333225    2.34143276
    2.2752601    2.6033264    8.2052060    3.6779794    7.4018528   10.4031835    2.12334041
    1.3589662    1.5543370    7.2979644    2.2671326    8.6483787    7.1328124    2.79981448
    2.0469970    2.5911111    9.4526733    2.4686071    9.4528987    8.1280652    2.07900352
    1.8362517    2.7066162    9.0419373    4.0292571    8.9354052   10.4934533    1.99403779
    2.0348971    2.4994585    9.6795513    3.4941300    9.8093284   10.2716488    1.19239650
    1.5345112    2.5924092    6.7692480    3.1290230    7.7110243    8.5736206    2.09925357
    1.8782548    2.0283303    6.3398302    2.8097881    4.8543393    7.6620826   -0.35015951
    1.7947150    2.7937936    6.3258244    3.2567699    7.3272249    7.6950967    1.86251434
    1.7775529    2.2464035    9.0000000    3.6365533    7.7152732    9.2556528    0.61581139
    1.4949725    1.8372543    8.5000000    2.4317545    8.3601812    7.2668161    0.57587575
    1.7316229    2.3695835    8.0000000    3.2974189    8.3054368    5.7091954    0.61519099
    1.6615047    2.1438056    7.5000000    3.0259418    7.0642704    6.9800645    0.06927316
    1.5616448    1.7354632    7.0000000    2.6400944    5.9653753    6.3945443   -0.02535179
    2.0466706    2.1428015    6.5000000    3.1561919    4.7091000    6.2427194    0.12633238
    1.5627932    1.9648782    6.0000000    2.7622945    5.4888101    5.4121138    0.08648231
    2.0207434    2.1350246    6.0645476    3.0956163    5.1148656    5.6480478    0.05786123
    1.7212096    2.1667564   10.5000000    2.7431990    8.8116096   10.3237490    0.09639016
    1.9158880    2.2068097   10.0000000    2.9733966    8.5730659    9.9346604    0.12168599
    1.6531662    2.0611616    9.5000000    2.7348338    8.2572284    8.8632530   -0.06456863
    1.6718673    2.2151655    9.0000000    2.5891162    8.8630362    6.8887110    0.48847319
    1.5217032    1.8356818    8.5000000    2.7424197    8.1138378    8.1419976    0.21226943
    1.5951529    1.9076545    8.0000000    2.4624813    6.5317946    8.0254694    0.02659011
    1.7376933    2.2108144    7.5000000    2.9655691    6.2248155    6.9283668    0.10051023
    1.9451194    2.1246028    7.0000000    3.2852926    6.1989893    5.8449109   -0.06840305
    1.6352448    1.9542131    6.5000000    2.4820715    5.4612351    5.8974172   -0.05838562
    1.5264834    1.8128191    6.0000000    2.9133400    4.7943938    6.2261252    0.27855795
    1.5366553    1.7836152    6.1426032    2.4498432    6.2583619    4.3828040    0.21626777
    1.6668259    2.1446044   10.5000000    3.0468074    9.9554511    9.0622047    0.06239075
    1.5941185    2.0088211   10.0000000    2.4490107    9.4519737   10.0067754    0.28012161
    1.5808918    1.6232050    9.5000000    2.7239613    8.9161078    8.7558227    0.17404481
    2.0342470    2.2003885    9.0000000    3.1281432    8.5997743    7.0537607    0.27033463
    1.9910560    2.2752709    8.5000000    3.5425231    8.4133487    6.7978822    0.51401574
    2.0465966    2.1009779    8.0000000    2.8933200    7.9629970    6.4053224    0.09808438
    1.7671048    2.1844930    7.5000000    2.6738071    6.8085800    6.7519785    0.16365634
    1.8674340    2.2215088    7.0000000    2.7873798    5.5172315    6.0012808    0.21077119
    1.7023245    2.2061424    6.3785003    3.5474900    5.1805944    6.7693244    0.59178527
    1.4783856    1.7508891    5.9634475    2.3684836    5.8770762    4.9083202    0.74937473
    1.7812151    2.2949996    9.7361972    3.2759685   10.0210089    7.5158055    0.33332539
    1.6288560    1.8236178   10.4352975    2.8127585    9.4113038    9.7017087   -0.38029419
    1.9267667    2.1798913    9.9158488    2.8627375    8.3813774    8.8782860    0.10836023
    1.8915764    2.2772317    9.5827414    3.3245133    9.3595766    8.7122249    0.29801088
    1.8314466    2.2622814    9.0484577    3.0197112    8.5719258    8.3844810    0.20908619
    1.6322940    2.1431190    8.5541541    2.5929506    7.0404062    8.1110873    0.36006039
    1.7101798    2.1434576    7.9138694    2.7175222    6.2384425    7.8081400    0.05535801
    1.9034757    2.1892626    7.4434950    2.9549920    6.0591691    7.4663467    0.05478038
    1.7388867    2.1079501    7.0425893    2.7809165    5.7719039    6.3858958   -0.13418917
    1.7479325    2.1343940    6.5083674    2.5694108    6.4365367    4.4968224    0.11482209
    1.4961702    1.7884788    5.8692183    2.6882983    5.5449293    5.6277359    0.40807596
    1.6406446    1.8805372    6.0278125    2.4758105    4.5296015    6.1304155   -0.20434507
    1.6191642    1.9365855   10.5768883    2.9598750    9.7345029   10.0726391   -0.20733140
    1.6676221    2.0485771   10.1026659    2.4336331    9.5347421    8.3684494    0.16234393
    2.0280353    2.1028254    9.4351420    2.8896132    7.8746689    8.6577342    0.06422622
    1.9324303    2.2402357    9.0153269    2.9475832    8.5755484    8.3733329    0.25982787
    1.9542343    2.2633319    8.4950973    3.4547579    7.9268172    8.4210503    0.37993055
    1.7230283    2.1281952    8.0450166    3.0862974    7.5258337    6.6842734   -0.10706252
    1.5708102    1.9880440    7.4479907    2.4476759    6.9465423    7.6322802    0.33694586
    1.6396780    1.6411093    7.0366047    2.7801387    6.3120910    6.4822470   -0.14230058
    2.0641822    2.1422138    6.3929029    3.1097813    6.0861751    4.5335390    0.16940660
    2.0634371    2.2977475    6.0440160    3.6156569    6.0647903    4.3969844    0.73223458
    2.0848897    2.1225588    6.3671805    2.9365476    4.8471113    6.4092152    0.22623794
    1.6924944    2.0108082   10.4952715    2.8411091    9.8669422    9.8789738   -0.33017512
    2.0479652    2.0894996    9.9687350    3.3093583    8.5677079    9.3306250    0.03114248
    2.0875459    2.2351118    9.4159887    3.2858658    7.6911042    9.3515732    0.48463779
    2.5170000    8.6783000    8.7524000    6.5761000    6.6534000    1.9403000    2.34339750
    2.3903000   11.2201000   11.2201000   11.2201000   11.2201000    1.2133000    1.36291341
    2.3177000   12.3541000   12.3541000   12.3541000   12.3541000    1.5100000    0.97924072
    1.7382000    6.2752000    6.3023000    6.6096000    6.6370000    1.6804000    0.34829507
    1.8866000    5.6407000    6.3462000    5.8571000    6.5554000    1.6355000    0.21549976
    1.9399000    6.0157000    6.0237000    6.0236000    6.0078000    1.7571000    0.48585254
    2.1049000    6.1217000    6.1218000    6.1218000    6.1219000    1.1567000    0.76228604
    2.0432070    9.6605311    9.6605311    9.6605311    9.6605311    1.2562490    0.35917206
    2.0624824    9.8252335    9.8252335    9.8252335    9.8252335    1.2953485    0.33610779
    1.8930000   10.9570340   10.9570340   10.9570340   10.9570340    1.2812457    0.10598075
    1.9665450   10.2986461   10.2986461   10.2986461   10.2986461    1.2591254    0.22301877
    2.0733494    9.5751261    9.5751261    9.5751261    9.5751261    1.2439301    0.44570142
    2.0854627    8.9229332    8.9845627    9.1377875    9.1980379    1.2385976    0.48309271
    1.5815316    8.3100516    9.8585722    8.9286109   10.6397884    2.0512098    1.71055527
    1.5873558    8.2376060    9.0814176    8.4819905    9.3116245    1.7456429    0.98111575
    1.8129463    8.7351434   10.3313379    9.7362769   11.1099711    2.0457094    1.09488953
    1.7727280    8.8946633    9.9537963    7.2492973    8.4664419    2.1061061    1.26971146
    1.7124538    9.7138988   10.3301526    9.8579161   10.7227804    1.9694475    1.02918212
    1.5649562   10.2968653   10.7791192   10.0543688   10.6704450    1.0869908    1.44092991
    1.6359739    4.6117303    6.3719898    5.1724984    7.1433015    2.1081193    1.59409362
    2.0264659    6.0736647    6.2401796    5.4823267    5.9287437    1.4320315    0.19335130
    1.6383312    6.1769059    6.8518310    6.2124913    6.9809924    0.9987748    1.70611807
    2.0102856    6.0931824    7.7907790    4.2971761    6.0956900    2.1097222    1.43019081
    1.6004042    6.8748865    7.7820737    8.4600226    9.3609080    1.1408585    0.97043045
    1.6699534    5.9170276    6.1031609    4.7914383    4.8014476    1.0110974    1.47953932
    1.8122290    8.0130397    8.1549657    9.4301359    9.2744300    2.0557559    1.12285511
    1.6383392    8.6989898    9.4447970   10.0544172   10.7850899    1.0146039    1.57418914
    1.7977143    5.4224894    7.2477281    3.8570344    5.6262334    2.1748748    1.42942235
    1.8667330    7.5624354    7.7817849    9.3339342    9.3554404    2.0976384    1.22931824
    1.5354828   10.4823011   11.5144044   10.5371776   11.7394372    1.6789708    1.18604339
    1.5820817    8.8904597    8.9352555   10.1033478   10.1960383    1.0542573    1.54381800
    1.7197664    5.8217462    6.2144988    5.6937022    6.5768852    1.9987385    1.07685179
    1.7862000    5.7152000    6.5535000    5.0260000    5.5942000    1.6004000    0.15338134
    1.9747000   10.6152000   11.4150000    9.4983000   10.4078000    1.2562000    0.24121560
    1.7748000    9.4598000   10.7835000   10.9811000   12.2912000    1.3345000    0.04801426
    1.9213000   10.4396000   10.5112000    8.5556000    8.5947000    1.3622000    0.05230233
    2.3517174    5.7989609    6.6886099    5.5658281    6.1354385    1.2858289    1.08648187
    2.3093700    5.3686876    6.4634737    5.3812535    7.0052102    1.9771537    1.83112209
    1.6212129    8.1583769    8.2759359    8.5787008    8.7440613    2.0471327    1.50257503
    1.6117484    7.0974413    8.5369777    5.7136626    7.1691577    1.9354809    1.27646699
    2.1446665   11.1689467   11.6234965    9.9792568   10.6507368    2.0612442    1.59291588
    1.6064238    9.5879197   11.4539060    8.0919255    9.9510342    2.0266210    1.52483627
    2.2168659    5.1532963    6.5459603    4.2083399    5.6099010    1.7743905    1.11291922
    2.1564716    5.6155721    7.5625799    6.2629643    7.8562828    2.1221948    1.74400365
    2.2339821    8.3901296    9.2722260    7.1691658    8.0760719    1.9574896    1.57055592
    1.7065124   10.9881075   11.2288881   11.0712770   11.3442063    1.0650203    1.00295642
    2.0627599    6.1040359    6.5130332    6.2561476    6.0661626    1.9411719    1.10144740
    1.7920010    8.2317664    8.4932529   10.0144812   10.2679351    2.0111491    1.02441521
    1.6380578    8.8841988   10.6672296    8.4883190   10.2889478    1.9448655    1.18836431
    1.9263035    7.8913580    8.2208515    8.6948381    8.9065048    1.0359629    1.12342434
    2.0589033    8.4519371    8.9811518    8.8634476    9.4083764    1.0264831    1.40889733
    2.2404326   10.2949789   10.3024832   10.1162390    9.8947835    1.0835686    1.46921571
    2.1027459    9.8439956   10.3093159   11.4680827   11.9290787    1.1159258    0.94644944
    1.5630026    9.8687410   11.8673631    9.3221219   11.3764333    2.0736081    1.87722389
    2.4511538    6.1597491    6.8034580    7.7588146    8.4352289    1.3675787    1.31619501
    1.4546823    6.2836550    6.8158045    6.7544635    7.5638879    2.1317472    2.93226487
    2.0677558   10.8160846   11.2147775    9.7937354   10.1775114    1.6404773    0.50311537
    2.1059861   11.2437479   12.3498276   10.7685343   11.8790786    1.1270946    0.90073291
    2.3618655    8.0126773    8.9105662    7.0168455    8.1002509    1.5209715    1.11636040
    2.3812881    4.4447267    6.1469545    2.3501753    4.1338148    1.8737122    2.03599037
    1.9567465    6.9200501    7.2294144    8.1322130    8.6439557    1.3784048    0.08906683
    1.8572961    5.3161757    6.4096816    4.1874105    5.3769763    1.2968459    0.07362806
    2.3433078    8.2629771    9.0953311    9.5045010   10.4954016    1.7048714    1.33339386
    2.1912888   10.1134072   11.3335360    7.9973428    9.2629402    1.8261270    1.15973227
    2.0888217   11.0281941   11.3802694   13.0443900   13.4349368    1.6773339    0.61299980
    2.1918868   10.6728638   11.6941603   12.5864740   13.6459284    1.3901564    0.57974178
    2.1627254   11.1364404   13.0740300    9.7217272   11.6434777    1.9400080    1.34720876
    1.5897868   10.4583602   11.1604520    9.4643727   10.0805403    1.7171989    0.91348527
    1.9400075    9.4942995   10.4281500    9.6623508   10.3969751    1.7848828    0.55851883
    1.5858600    7.4464449    8.1804387    8.7622279    9.5034794    1.0678335    1.43128604
    1.9125449    8.0176501    8.2579501    9.9256090   10.1375214    1.4114099    0.03782960
    2.2954268    7.1542162    7.8880203    9.1015507    9.7030356    1.9360666    1.69190051
    2.3306317    8.0663933    8.8798146    8.3029220    9.2220981    1.0879764    1.69684538
    1.9774043    8.2554153    9.4450200    9.9426693   11.1665657    1.7164626    0.47121110
    2.0860378   10.4429806   11.4671250   11.1180787   12.2995737    1.4381535    0.32885764
    1.8051075    5.7092372    6.0525527    6.4414870    6.6224353    1.0541835    0.94095726
    2.0140515    6.7853600    8.0800525    5.5253045    6.7390294    1.4951194    0.21126460
    2.3135327    7.3471035    8.0663385    9.4181347    9.9390962    1.9500728    1.77762975
    1.8827464    4.9266684    6.3058455    4.1327117    5.2691419    1.5452587    0.09368464
    1.7852337    4.9564389    6.3355649    4.6930715    6.0970106    1.4145208    0.01683745
    1.8665691    6.0077393    6.3376002    5.3187959    5.5379821    1.4809197    0.01685677
    1.8699489    6.0700723    6.3076166    5.1733033    5.7389632    1.4362253    0.00308879
    2.0493470    5.7295263    6.3422385    5.1286617    5.7482872    1.3898257    0.23136581
    1.6809858    6.1114247    6.3450979    4.9944553    4.9701910    1.2999684    0.23388016
    1.7605572    5.9805673    6.3383835    5.8462349    6.3104427    1.2782012    0.11906109
    1.5699580    6.1427386    6.3171059    6.7936861    6.8428746    1.5273699    0.73055472
    1.6876634    5.3304980    6.1981581    4.2067203    4.7826345    1.6368821    0.36567750
    1.6513911    5.9827787    6.2031928    4.7518251    4.7865445    1.3635171    0.27167051
    2.2659441    8.5154137    9.7114092    6.9168825    8.0383713    1.2399969    0.93821080
    2.1664871   10.4887848   11.9875553   12.3672542   13.7901786    1.6700781    0.78371095
    2.0776880   11.8603038   12.2014004   13.4228048   13.6827020    1.6907634    0.61265013
    1.9972588    6.3086661    6.8586973    5.5840563    6.0030018    1.8097688    0.67716067
    2.1367552    6.3417746    7.4916103    8.4732657    9.6152294    1.2157897    0.64892183
    1.5685908    8.6306015    8.6527512    7.8047797    7.9178266    1.3683443    0.68109084
    1.7483828    6.9233887    7.9120571    6.2858924    7.3980107    1.8115359    0.60027728
    2.2595387    8.8422076    8.8769272    9.8060064   10.0604610    1.3997727    0.76190793
    1.9223869    8.0997587    8.7572631    7.2353676    7.7708202    1.1575471    0.44853724
    1.5951640   11.0611106   11.2738946   10.5563068   10.9840414    1.5743769    0.65323813
    1.9073745    5.4045637    6.0709232    5.8739291    6.1420849    1.6178530    0.19939116
    1.9664429    5.9898874    6.2214044    5.3165735    5.9347333    1.6080522    0.26093828
    1.8303358    5.7909442    6.0609897    5.0843332    5.6644051    1.5868465    0.12635770
    1.9563301    5.5509820    6.0161457    5.5436938    5.8477418    1.5238933    0.13445456
    1.6125250    6.3960770    6.4000000    7.5270980    7.3037760    1.2602670    0.56076200
    1.8839820    5.3154780    6.4000000    5.5368100    6.5330260    1.7288890    0.37639700
    1.8173720    5.2343010    6.4000000    6.6660450    7.6300690    1.5376260    0.06504600
    1.7305350    5.2819530    6.4000000    4.2609200    5.3046240    1.2039140    0.33113800
    1.7135020    6.1918690    6.4000000    7.7505240    7.9642770    1.1912840    0.39915500
    1.8100000    7.0283610    7.0405180    5.2305600    5.2426670    1.4000000   -0.01747623
    1.8100000   10.9841690   10.9963620    9.1786550    9.1908370    1.4000000    0.00189475
    1.8100000    7.7662430    7.7784100    9.5701820    9.5823660    1.4000000    0.00291254
    1.8100000   11.7239680   11.7361630   13.5310910   13.5432920    1.4000000    0.00420169
    2.0137000    5.0513000    5.6540000    5.9047000    6.4913000    1.4587000    0.18083498
    2.0296000    5.4416000    5.4417000    5.4416000    5.4417000    1.0360000    1.26739035
    1.9904000    3.5769000    3.8725000    5.2395000    5.7437000    1.1993000    0.77464138
    2.3454000    5.0025000    5.1519000    4.7086000    4.3453000    1.2762000    1.09923109
    1.8175000    3.6812000    3.7416000    4.8534000    4.5145000    1.3717000    0.22329464
    1.5757000    4.3279000    4.5990000    2.8872000    3.2914000    1.5422000    0.89369399
    2.1394000    5.9555000    5.9556000    5.9555000    5.9556000    1.1780000    0.76531291
    2.0968000    4.1905000    4.4674000    4.8967000    5.3715000    1.4741000    0.39806057
    1.7414000    3.7094000    4.0952000    4.3016000    4.8891000    2.0871000    1.31025099
    2.0736000    4.0018000    4.0854000    3.3646000    4.3693000    1.9437000    1.26416067
    1.7100000    4.1085000    4.7327000    4.5204000    5.1978000    1.0623000    1.04201333
    1.6723000    3.5148000    4.3779000    4.2242000    5.2421000    1.2001000    0.63151934
    1.8438000    3.5206000    3.7806000    3.8377000    4.4601000    2.0298000    1.11898888
    1.6457000    3.9987000    5.1538000    2.7113000    4.2198000    2.0768000    1.73006317
    1.7786000    3.6445000    4.6195000    3.1430000    3.3967000    2.0623000    1.32174090
    2.0330000    3.5813000    3.9156000    4.9295000    5.5578000    1.4700000    0.50912087
    1.8618000    3.4375000    4.1979000    5.2242000    5.8576000    1.1921000    0.61239403
    2.0334000    3.4232000    4.6659000    3.8746000    5.0592000    1.3319000    0.33496784
    1.8603000    3.9321000    4.5828000    3.0865000    3.2559000    1.5118000    0.24496605
    2.0535443    3.7474588    3.9548383    2.7461159    3.2974026    1.3876218    0.65012371
    1.9957461    4.6756085    4.6766019    6.2642206    6.2657515    1.2606699    0.29664319
    1.7619780    3.5494134    3.7671985    2.8221625    2.7728180    1.5186754    0.61749095
    1.6753872    3.4291038    4.4767251    3.3457437    3.7979729    1.6598475    0.57427858
    2.2033305    5.0690385    5.7417467    5.2892288    6.1663906    1.9938269    1.55997560
    1.6479631    5.9513768    5.9880223    5.4574072    5.8736461    2.1152265    1.54515405
    2.3361397    4.3991855    4.5622439    4.5921588    4.3022623    1.4474452    1.00432612
    1.6221004    3.9061209    5.7087059    5.5164421    7.3083780    1.8167539    1.00144116
    2.0574083    3.4256061    3.9013461    3.3455489    4.3413247    1.2533570    0.64440348
    1.7336841    3.4828751    3.6638990    4.1805457    3.7842726    1.3764284    0.29568376
    1.6837701    3.4196705    3.8985362    4.6657432    5.4226402    1.4238922    0.63494971
    1.9932583    3.9837009    4.0781079    2.0410888    2.3997516    1.3707047    1.01788649
    2.2033852    3.5145008    4.2683960    5.7084751    6.3830087    1.9477078    1.84213724
    1.5665681    3.7661957    4.0608219    5.0280676    4.7830172    1.9929464    1.85926139
    1.8570665    3.4943642    4.8647378    3.4591933    4.5918430    1.3999100    0.09839660
    1.7180930    4.2416232    4.8731060    3.9921193    4.1703036    1.2601776    0.23884072
    2.0962644    4.4210104    4.6512179    5.8537292    6.3350442    1.4345785    0.39896611
    1.5933807    4.0859943    4.6978037    5.3018621    5.8123935    1.7944452    1.13254361
    2.0502886    3.4625896    4.3543623    3.2609554    3.4073787    1.5325815    0.54222799
    1.7281097    4.3079398    4.7728198    5.7877858    6.1704043    1.0186787    1.33979849
    1.9710842    4.1778125    4.4487941    4.2973720    3.7637567    1.7260964    0.53211571
    2.0432557    5.6063668    5.9089816    4.8535579    5.0239623    1.3267427    0.24535596
    1.7696802    4.1831158    4.6907582    2.8653818    3.0698481    1.5841784    0.37546740
    1.7123603    3.4282355    3.9800632    3.5498874    3.6290452    1.0769695    1.11065309
    1.6095139    5.3332428    5.4079918    5.5148717    5.0610732    1.8147714    1.00002631
    1.7538955    3.9205488    5.3917201    4.7546255    6.0404539    1.5909330    0.19862870
    2.1776447    4.6062452    5.0467244    5.1093894    5.8769166    1.0286584    1.67936800
    2.0478845    3.4560946    4.3730831    5.1730738    5.7969078    1.3799433    0.44184967
    1.9577855    3.4990666    4.9888667    3.0892536    4.6233005    1.5936071    0.40626120
    2.0909183    4.4937145    5.0829922    5.1572982    6.2803922    1.8810112    1.05269769
    1.5395834    4.1157661    4.9867451    2.6699970    3.7541403    1.9164138    1.90874002
    1.7129071    3.4453488    3.8284115    4.7905625    4.7108931    1.5444916    0.51655755
    2.1150138    4.2743325    5.7891370    4.3193012    5.2106988    2.0972544    1.57759690
    2.0362284    3.4647328    3.5747893    3.7571580    4.6339117    1.6196142    0.64778717
    2.1581671    5.2943729    5.6232389    5.8060536    5.7574190    2.1388453    1.79141174
    1.5706072    3.9331429    4.1113214    5.4899079    5.6086842    2.0552792    2.14197868
    1.5094342    5.1998360    5.8379558    5.2211458    5.8485268    1.0964382    1.77950322
    1.9215459    3.6884152    5.1905317    4.5333017    5.8941812    1.5239478    0.13869988
    1.6831770    3.5904779    3.7423111    4.5787555    4.4095823    1.2608750    0.53177693
    1.6949998    3.5367923    3.7745967    4.0695547    4.2448088    1.5681590    0.40588530
    1.9587359    4.9591487    5.8007358    4.9340921    5.4941778    1.5538057    0.16562772
    1.8604710    3.6706289    4.7301803    3.8084104    4.5603887    1.2384642    0.22383666
    1.7579907    4.5245654    5.5482189    5.6163348    6.3195291    1.4740914    0.05686570
    1.8701264    4.4931758    4.5627449    6.1053498    6.0612816    1.4980669    0.11310515
    1.7187711    3.4289012    4.5758327    3.9230514    5.1915992    1.2774417    0.32513233
    1.9709603    4.3604012    4.4580885    5.9228377    5.6369334    1.3857785    0.17508141
    2.0449017    3.9270685    4.4199876    5.8195245    6.0713810    1.4505869    0.39259799
    1.6838276    3.6976551    4.7789286    3.5348224    4.1455828    1.5140391    0.29991437
    2.0359612    4.8136384    5.2066156    5.7947847    6.2331265    1.3126504    0.25999388
    2.0346024    3.9605792    4.0573181    3.1480039    3.1971740    1.3845123    0.46157833
    1.9850287    3.4534686    4.6953736    3.6875929    4.3756461    1.5006129    0.24270819
    1.6951522    4.7140041    5.2116368    3.2210412    3.6959337    1.0714285    1.03489560
    2.3417444    3.9993899    4.5656416    5.2716694    6.0963388    1.2817222    1.14138413
    1.9989556    3.5814240    3.8026500    1.9558297    2.6103346    1.9284137    2.10998575
    2.0445608    4.0637685    5.2863733    4.4759978    5.6296366    1.2441047    0.39889829
    1.7418626    4.2555929    4.6494765    4.7232326    4.6883054    1.2817035    0.15949948
    1.6787768    3.6363501    3.9588733    3.1984875    3.6029659    1.2479274    0.54483265
    1.7224511    4.7966413    5.5172661    4.8408704    5.1939345    1.2307643    0.26112319
    1.7837659    4.6283324    4.8262674    5.6488810    5.5956353    1.2542238    0.15994339
    1.7551469    5.4605765    5.9175593    4.7649066    4.8778722    1.3398773    0.04692645
    1.8395200    3.7987328    3.9238293    5.4078686    5.2530168    1.3171461    0.29712149
    1.9602149    3.9837350    4.7643133    3.2824368    3.6878953    1.6204721    0.38400717
    1.6781980    3.8195261    4.4257297    3.0784276    3.6163063    1.2592133    0.48502140
    1.8307364    5.0513941    5.8610660    4.0020720    4.4569357    1.5151128    0.03903528
    1.9957494    4.3739389    4.5190687    3.7700974    3.8782311    1.5815009    0.32082670
    2.0585026    3.7778283    3.8032939    4.9450160    4.3707578    1.5965444    0.55681483
    1.8893881    3.4447892    4.2656764    3.1889202    3.3833619    1.3440927    0.28144347
    2.2284558    4.1492699    5.2091604    4.9310164    5.6168223    1.9316343    1.47319519
    1.8167883    5.0309116    5.5212932    5.3047050    6.0118594    1.0058559    1.31349422
    1.7259525    4.7026540    5.2067028    4.7109309    4.7701953    2.0979261    1.28219710
    1.9060748    3.5079532    4.8716570    4.3344076    5.6030160    1.4046175    0.09866817
    2.0168336    3.4206263    4.1932957    3.5052271    4.1616927    1.5990240    0.45930879
    1.7313140    4.0383853    4.2464430    2.3830804    2.9788867    1.5454782    0.69136051
    2.0245645    4.1586319    4.7574097    4.5317659    4.6435223    1.2253953    0.40102595
    1.8610213    4.9969236    5.0222208    3.8500168    4.3394024    1.3322450    0.04419834
    1.7026831    3.5323048    4.6678606    4.4004993    5.1403781    1.5749383    0.31563847
    1.9964100    4.8136682    5.5311226    4.9810290    5.2795838    1.1982942    0.39835761
    1.9763354    4.1847024    4.3641182    5.7038538    6.0371609    1.6086052    0.39701097
    1.7082250    4.4942693    5.0912946    5.8215149    6.0984338    1.4492483    0.15421963
    1.7081413    3.8044112    4.3462571    4.5653944    4.8257251    1.5826997    0.31605402
    1.9541285    4.3126785    4.4514526    4.5837629    4.5383375    1.2279753    0.28705811
    1.6775334    4.7815943    5.2613272    5.2173786    5.2490033    1.4190359    0.19082710
    2.0159750    5.6928230    5.7723518    5.8526638    6.0486505    1.5267252    0.23454364
    2.0326245    4.0752530    4.6627955    4.7629244    4.7725522    1.5850432    0.35742020
    1.8062910    3.4226375    4.5042928    3.3494030    4.2184500    1.2177908    0.36204070
    1.7653664    3.5567157    4.2454466    4.2561161    4.4268129    1.5670202    0.22014523
    2.0052689    4.6081284    5.8692084    5.5826885    6.3526010    2.0699658    1.28977849
    1.8286946    5.3341473    5.6198429    6.2361413    6.2542837    1.9972699    0.96436482
    1.6460993    5.1526228    5.6971183    5.7738382    6.0165179    2.0186837    1.31646323
    2.0787707    3.5736693    4.0839899    4.9795612    5.2123182    1.2973151    0.53705503
    1.6962951    3.4663696    4.5086981    4.1949893    5.2328718    1.4941477    0.29328980
    1.7199819    3.4188184    4.1539454    3.1367459    3.8245847    1.4997438    0.34016486
    1.8123340    5.3178770    6.4000000    6.9095330    8.0691830    1.5443350    0.07908300
    1.9900550    6.3710480    6.4000000    6.7595870    6.4329540    1.3477870    0.14586900
    1.9824580    6.3133140    6.4000000    6.0952850    5.7201000    1.5113910    0.16802300
    2.1323620    5.3014600    6.4000000    5.4517530    6.9332420    1.7788540    0.90707700
    1.9103990    5.4422180    6.4000000    5.5623930    6.6098180    1.2317740    0.20641100
    1.8638090    5.5766850    6.4000000    5.3129400    5.7785420    1.4042880   -0.01345900
    1.5514510    6.3690300    6.4000000    7.2108930    7.2158420    1.3276660    0.81209500
    1.5884480    6.3133490    6.4000000    7.2023610    7.0221490    1.4424090    0.56757300
    1.5021860    5.0814720    6.4000000    4.9779690    6.4221790    1.6780720    1.44521800
    2.1407110    5.8184790    6.4000000    6.7012030    6.9514260    1.1577380    0.84343100
    2.0495370    5.2849020    6.4000000    5.7697630    6.9154830    1.1794330    0.56074000
    1.8926190    6.0897810    6.4000000    5.8996130    6.3405970    1.2861780    0.08892900
    1.7701540    5.9460340    6.4000000    6.1780570    6.2183950    1.5063620    0.06493300
    1.9673720    6.3034040    6.4000000    7.1358480    7.4998580    1.6817620    0.38853100
    1.8457000    2.2036000    3.9862000    3.0420000    4.4564000    1.8344000    0.05574710
    2.0431000    2.2098000    2.7567000    3.4876000    2.8434000    1.8405000    1.31765550
    1.9489000    2.9827000    3.4437000    4.1951000    4.1150000    1.4934000    0.52107283
    1.7689000    2.5271000    3.9458000    4.0967000    5.5248000    1.7042000    1.13456081
    1.7630000    2.8301000    3.4528000    4.3382000    4.7249000    1.6128000    0.98218604
    1.7603000    3.1031000    4.9979000    3.6116000    5.5090000    2.0180000    1.02288574
    1.9569000    3.1011000    3.5750000    2.6054000    3.6997000    1.5164000    0.75088955
    1.7551000    3.0290000    4.1365000    3.5044000    4.1548000    1.5503000    0.27379605
    1.7239000    2.1904000    2.8456000    3.3823000    4.2922000    1.5873000    1.18137160
    1.8041000    3.0611000    3.5846000    2.8184000    2.6838000    1.7190000    1.00492467
    1.5843000    3.3792000    3.9063000    4.8814000    5.3732000    1.8292000    1.77920115
    1.8387000    2.7362000    4.2121000    3.5770000    4.8107000    1.6026000    0.28026901
    1.9016000    2.9947000    4.3211000    3.9928000    5.3010000    1.4087000    0.25764549
    2.5424000    2.8865000    3.8658000    4.5902000    4.5896000    2.1528000    2.87372267
    2.0175000    3.3090000    3.9316000    4.2017000    5.3465000    1.9271000    1.19197112
    1.6586000    2.8563000    4.7698000    4.0739000    6.0347000    2.1776000    1.68877121
    1.9014000    2.3140000    3.4937000    3.9747000    5.0329000    1.3598000    1.22179311
    1.9045000    2.8154000    4.0682000    4.3692000    5.5674000    1.3223000    0.61480145
    1.6697000    2.0352000    2.9811000    2.9202000    3.3518000    1.2174000    1.77972478
    1.9084675    2.9026894    2.9337652    3.6275609    2.9723409    1.2954051    0.91060949
    2.0387119    2.6962808    3.0632353    3.8059010    3.2607625    1.6349557    0.99298328
    1.9598701    2.8293371    3.2919797    4.4478448    4.3924050    1.6103538    0.96088604
    1.9313481    2.3917712    3.2198358    3.6893749    3.6853639    1.9584079    0.86074756
    2.0624204    2.2562808    3.6749924    3.0825217    3.5791013    1.8273252    0.53212069
    1.7818628    2.7340511    3.1434122    3.7692678    3.4927854    1.5315709    0.66415682
    2.0241497    2.5400817    3.4215983    3.0784547    4.2583907    1.2882943    0.97533078
    2.0915674    2.4259096    3.2426229    3.5639694    3.6241719    1.4323346    0.93734373
    1.9015481    2.8813024    3.2572950    3.9179742    3.5042285    1.6491024    0.67161520
    1.7747361    3.3515527    3.7242901    4.8536407    5.2002673    1.5089613    0.57944049
    2.0128124    2.6536476    3.6271931    3.9968033    4.8973686    1.2835995    0.87780994
    1.9988117    2.7781494    3.4735799    4.0940793    4.6756889    1.2188762    1.00111939
    1.6420954    3.3734894    3.6813023    4.9041665    5.1948192    1.5573211    1.08690649
    1.6787991    2.8144885    4.0551882    4.3884189    5.5674945    1.7557293    1.38662996
    1.8654971    3.2466185    4.2679962    4.5974936    5.4586044    1.5654231    0.34367234
    2.2047802    3.3756266    3.3761793    5.1227146    5.5054852    1.8616307    1.96935216
    2.2185038    2.6948220    2.9672364    3.4833079    3.3157889    1.7251706    1.43189841
    1.6943232    3.2282353    4.3438259    3.4616870    3.6783109    2.0894159    1.36596792
    2.0840066    2.8886888    3.6667161    2.4309229    2.2387005    1.6092697    1.66934188
    2.1808902    3.2065629    3.2859131    3.9299482    2.7370797    2.0037476    1.91695279
    1.9683934    2.6741102    3.4347799    4.2438881    4.7929597    2.3281227    1.79986778
    2.1502553    2.5982506    2.8849862    2.9004304    2.6730688    1.9742345    1.81225623
    2.0207874    3.2711056    4.4913783    3.3496453    4.5055843    1.2935353    0.43703585
    1.5801979    2.1604511    3.1867235    3.1126613    4.3370015    1.2594601    1.93981621
    2.1561044    2.3477649    2.9104567    4.1995963    4.0077976    1.6774382    1.74930216
    2.0327738    3.3519075    4.3166849    2.3327014    2.9382655    1.2595185    0.99491677
    1.6581605    3.1944400    4.1740387    3.1245161    3.6675429    1.4261009    0.49352400
    1.9344807    3.3117480    3.5613303    2.5280293    2.5109790    1.4330878    0.97155506
    2.1403307    2.6196684    3.6224546    3.7662044    5.1514992    2.1600378    1.51862208
    2.1883674    3.2309948    3.7606855    2.4426425    3.1019958    1.7662408    1.69917762
    1.7514228    3.2937947    4.3962786    3.4539790    3.8190217    2.1075740    1.29588320
    2.2243602    2.6555271    3.4978982    3.0297222    2.7632882    1.6688653    1.46193670
    2.1766886    3.2673704    5.2636020    4.3681481    5.7396136    2.2380479    1.99259275
    2.2575987    2.6605237    4.8807791    3.0012056    4.7042836    2.2268361    1.83515985
    2.1290543    2.6717789    3.0741290    4.5092962    4.4658377    1.6709706    1.54731697
    1.9770245    3.3056963    4.1398993    5.2321358    6.0915242    1.9504308    1.52938078
    2.3639716    2.5722426    4.3042677    3.6841312    5.5927252    2.0499407    1.76671024
    2.0622963    3.0654220    3.8534596    3.4858557    4.9541453    1.7817444    0.99368053
    2.2152213    3.3908018    3.7703336    3.2209633    2.8670301    2.0017565    1.98255887
    1.9918272    2.6626898    3.6308477    3.2396174    4.8491654    1.8406395    0.94712646
    1.8049387    2.6353757    3.3404936    2.8310599    4.2905027    2.1120077    1.30933209
    1.7871032    3.3135885    3.8877849    2.8350249    2.6136763    1.6271931    0.85339910
    2.0444869    3.0009342    4.3842212    3.2991766    4.2133360    1.5217788    0.47032897
    1.9848819    3.2964884    3.7906800    3.3682688    4.5143351    1.6213090    0.56809911
    1.5843462    3.3076873    4.6740406    3.9284932    5.5987494    2.0758014    1.81896867
    1.6528835    2.9521558    3.2369820    2.6312713    3.6130701    1.9124950    1.53634644
    1.7076901    3.2207902    5.2192839    3.3812827    5.1044663    2.0530983    1.21589261
    1.9583506    2.5260387    3.7525196    3.9242132    5.5347006    1.9793945    1.15992810
    1.6799370    2.0634609    3.3685275    3.0091387    3.7764643    1.6223325    0.45338805
    1.8786575    2.4533613    4.0472473    2.7666278    3.5209008    1.9366570    0.63300896
    1.9854455    3.0640589    4.4143891    4.9224610    6.2664275    2.1562285    1.95608452
    2.3602153    2.6407388    4.1753141    2.9850489    4.2058511    1.6424493    1.50315003
    2.2572146    2.9837658    3.6616385    2.8884387    2.9925148    1.5830992    1.46577328
    1.8945435    2.5324176    2.6876067    3.2279208    3.7797004    1.2457892    1.43093412
    2.0580763    2.7106574    3.2910119    4.0652077    3.5757742    2.3970829    1.90929194
    1.9993462    3.1906734    3.4802358    3.8495665    3.4335481    1.2502063    0.66780656
    1.8156760    2.5397657    3.1919810    4.0073486    4.8236518    1.8605086    1.38626102
    1.7398760    2.6628721    4.4219894    3.6750142    5.1038425    2.1680745    1.01633802
    1.6883061    2.3781414    2.8633286    3.0996856    3.3253770    1.1340285    1.91052848
    2.2863396    2.3657584    3.5887834    3.5794308    5.0798444    1.5431970    1.31126063
    1.9620976    2.4867061    3.1176885    3.0675551    3.4733948    1.3546092    0.85919087
    2.0218465    3.1398048    4.6213949    4.7390727    6.0728535    1.5209939    0.46723707
    1.5758395    2.9242195    3.0460297    3.3847743    2.9803778    1.9051152    1.67380008
    1.6971036    3.3721757    3.5025505    3.4549543    4.0689056    1.2443450    0.61654127
    1.9413551    3.0506332    4.7219322    4.6432012    6.3217656    2.2481474    1.82755948
    2.0149554    3.1869965    4.4225950    4.6551250    5.7678353    1.2981694    0.46852031
    2.1141433    2.5891794    3.3024022    4.0978772    3.9900689    2.1961444    1.66961631
    1.6397874    2.8342169    4.1027114    4.3441092    5.6613467    1.6260717    1.29665280
    1.7334187    3.1086982    3.2634556    3.7963561    3.2241446    1.4446933    0.54715310
    2.2030912    3.3194475    3.4027125    3.4859907    3.3387730    1.1938771    1.30068371
    1.8139663    3.2266054    4.3268469    3.4389034    4.6578815    1.2208334    0.41644236
    2.3083987    2.7093455    3.0843450    3.9965692    3.1589813    2.1326153    2.24891923
    2.2205904    3.0154314    3.7280166    1.9565794    3.5489182    1.8400876    2.32180173
    2.2990874    2.8303580    4.2663823    2.8085297    4.8491561    2.2254745    2.35935807
    2.2118677    2.7981059    3.0283844    3.8178997    4.5285615    2.1698529    2.01294543
    1.8108527    2.6973819    3.0758928    3.4435703    4.3016014    1.3590887    0.87238696
    1.6696140    2.9819895    3.6455293    4.0159841    4.4086795    1.5573627    0.67598572
    1.5958663    2.8478385    3.4845168    3.2347906    2.7430507    2.2777267    2.17946386
    1.7168825    2.5739843    4.2245002    2.9340996    4.5039508    1.7967308    0.57776035
    1.9202996    3.3227878    3.7509057    4.0453620    4.6247713    1.4935756    0.29524142
    2.0459801    2.7484109    3.6383347    3.5978854    3.6330278    1.5371982    0.61026682
    1.6993312    3.2379280    3.4633590    3.5822570    3.1076101    1.4006938    0.53661063
    1.7656087    2.5501022    4.2703216    3.2127945    4.6668919    1.7528190    0.35772131
    1.9317492    2.9556919    4.1355826    3.6286374    4.3802488    1.3166775    0.31682805
    1.9464779    2.6172155    3.9151370    3.5836984    4.7850214    1.8092653    0.58570826
    1.8453944    3.3999628    4.4837216    4.4438569    5.0263813    1.5990881    0.23907134
    1.9023669    3.2601356    3.7863341    4.1801245    4.6133337    1.2547089    0.41710837
    1.7658629    2.8707305    3.5133257    3.4015602    3.6433876    1.6371269    0.48608700
    1.6858406    2.2071759    3.4731740    3.3212860    4.5265871    1.2808209    1.15683648
    2.0224489    2.5656612    3.6376247    3.4986426    3.7987506    1.7551275    0.65488402
    1.8402540    2.9093049    3.0728032    3.2598843    3.7608540    1.6689117    0.66678084
    1.7375020    2.6616411    3.1911299    3.6587468    3.8890648    1.3286301    0.78306670
    2.1896514    2.5396822    3.2845041    3.2997934    3.2837876    1.1861594    1.69654206
    2.1038804    2.8406280    3.2048294    4.5399280    5.1079043    2.0637258    2.13238611
    2.0321842    2.4002977    3.7787370    2.8713603    3.5672321    1.6090898    0.62609785
    1.8224941    2.7027410    4.3255344    3.6316581    4.8733172    1.7096944    0.35884242
    2.0119115    3.3773940    4.5448234    3.9621760    5.2553442    1.3149508    0.34568897
    1.6962712    2.3571472    3.4312337    3.0148094    3.8629619    1.4600190    0.58845821
    1.7369023    3.2598065    4.3382455    3.5613849    4.2732221    1.2691261    0.31892608
    1.8963643    2.7429973    4.1575465    4.1145043    5.1016398    1.7255156    0.59245681
    1.7946886    2.7005833    3.4332307    3.6585074    3.7157301    1.4104031    0.48214542
    2.0445353    3.2929331    3.8396025    4.4851977    4.4404428    1.6369414    0.63086626
    1.7893886    3.3312999    3.9641386    3.4158950    4.3804380    1.5129366    0.26395692
    1.6001704    2.6294178    4.1975877    2.9467901    4.6531053    1.8696915    1.11595757
    2.2696524    2.8902487    4.5613883    2.3970341    3.3173778    1.9016847    2.02968231
    1.6867218    2.5019892    4.0591742    3.1650495    4.4730765    1.9473069    0.63936090
    2.0377173    2.8311495    3.6802536    3.3995825    3.6955299    1.2887178    0.69293051
    2.0460728    3.1584542    3.8483890    3.3769482    3.1815685    1.6421284    0.76519106
    1.8917746    2.8610545    3.0301683    4.4530700    4.7393383    2.1138103    2.03136101
    1.7141180    3.1747113    4.0533892    3.4388143    3.9201894    1.5973689    0.40358122
    1.8241277    3.1683356    4.3740279    4.1845050    5.0896411    1.3272912    0.20031962
    1.9044219    3.3218411    4.2269214    3.3955056    4.4496755    1.4061137    0.20737838
    1.9920956    2.5471525    3.9813107    3.5053680    4.1940452    1.7623252    0.50353349
    1.9176636    2.8870493    4.0045313    3.5362717    4.1754436    1.3224295    0.33557515
    1.7645703    2.5808272    3.9510085    3.6179743    4.2826174    1.8682639    0.58334655
    2.0352421    3.2858126    4.2050392    3.6978194    4.4235850    1.3717339    0.36222279
    1.9072141    3.2679862    3.9915577    3.3371243    3.5657250    1.6754156    0.49850440
    1.7422905    3.3629229    3.9436793    3.9004208    3.7424577    1.6161117    0.38544418
    1.7208372    3.3820382    4.0336427    3.7109330    3.8517025    1.2871857    0.33242984
    2.0058041    3.3307502    3.9290561    5.1483166    5.6257319    1.7667297    1.06861041
    2.0390620    2.2287381    3.6202025    3.1340277    3.5402734    1.8336430    0.46455784
    1.8521300    1.8522300    1.8640700    3.5146700    2.9422200    1.2655800    4.29878271
    2.0605900    2.2372800    2.2409100    4.2111700    3.5376100    1.7692500    2.07744130
    1.8095000    2.3045600    2.6011500    2.6693300    1.5655800    1.8904700    2.72550079
    2.0644996    2.5698299    3.6921199    3.7286738    5.1321964    1.7033607    0.86421687
    1.7311252    2.9087133    2.9805863    3.5531503    2.9215008    1.7074210    0.94403412
    2.0833344    2.8101205    3.4986460    3.4674023    3.3908991    1.3145760    0.84872640
    2.0395021    2.5169127    4.1897438    4.1734564    5.8070093    1.7016419    0.94727237
    2.0869279    2.3829687    3.6274261    3.7671646    4.7587861    1.3879091    0.88690668
    2.0420520    2.7811011    3.6185548    3.6666853    3.4724405    1.7692265    0.85507933
    1.7662377    2.7612872    3.0179773    3.8019991    3.4604213    1.3436772    0.82613697
    2.0241768    2.7340847    3.6079824    3.8999916    4.8042801    1.2504647    0.89548970
    1.9844358    3.2132188    3.5329366    4.8499529    5.4331921    1.5726979    1.01258373
    2.0024280    2.4327818    2.8710669    3.8648205    4.3890053    1.3988239    1.32709307
    1.7171472    3.2971917    3.3454998    4.8286507    5.0268850    1.5129058    1.14362851
    2.1375008    3.0634541    3.2970773    3.5103325    2.9499456    2.0065331    1.69598948
    2.2290180    3.1547328    4.6547747    5.1535213    6.4756132    1.9497102    1.77779870
    2.2475745    2.8374773    4.4897405    4.8408049    6.1912662    1.8918350    1.76101085
    2.2155966    2.3856156    3.0210636    4.0311467    4.6570352    1.2815258    1.92364486
    1.7694350    2.2969271    2.8361539    3.1410886    3.1179229    1.3568914    1.11532289
    1.7663500    2.7049451    3.1564710    3.0840360    3.8864288    2.0048154    1.09023252
    2.1104640    2.7935109    4.4554898    3.3294268    5.1358816    1.8438210    1.00331489
    2.2565737    2.9252421    3.1010792    3.6946603    3.1505578    1.3740095    1.39560045
    2.3488385    3.1768468    3.5228381    5.1207137    5.2021852    1.4970091    1.55241238
    2.0344300    3.1631687    4.5315566    2.9415637    3.9600223    1.8285579    0.99614188
    1.7109456    2.9600415    3.7525589    3.7007797    3.8060518    2.1602434    1.37381896
    1.9795049    2.2024088    3.4239868    3.0631940    3.9573034    1.2798629    0.96620546
    1.9207101    3.0223090    3.4885616    3.8146832    3.1139197    2.1316914    1.46454522
    1.9377258    3.0768840    3.6640920    4.0112176    3.5516291    1.9785373    1.11676836
    1.8514756    2.2966034    2.6608008    3.1260327    3.7956105    1.4055697    1.24680204
    2.0309249    2.9706869    4.4371968    3.7157056    5.2589602    1.8632411    0.88894565
    2.0899090    3.0437858    3.4216236    4.3774733    4.7572031    1.1024454    1.54169779
    2.0349295    2.9803712    3.3678233    3.0448645    3.2714215    1.1471765    1.28444207
    2.0452999    3.3577801    3.7033618    2.2000490    2.7852465    1.4613539    1.22709616
    1.9807780    2.9466194    3.5647663    3.8024989    3.8638816    1.1029179    1.20429675
    1.7400430    3.4211826    3.4445684    4.9257910    4.7406874    1.0554264    1.56320015
    2.2264015    2.9407003    3.6831792    2.8960216    3.0379468    1.6703892    1.45149824
    2.1911486    2.8053771    3.3376473    3.6886596    2.8808863    2.0104330    1.76109309
    2.0360436    2.9581222    3.5383461    4.0596228    5.1853637    1.6701240    1.00078413
    1.8027000    1.8027000    3.1783000    2.8562000    4.0058000    4.1438000   -0.35062473
    1.8636000    1.8968000    3.3720000    3.7173000    3.2444000    4.4347000    0.94945737
    1.8423000    1.8877000    5.9492000    3.6929000    6.3358000    5.8608000    0.66956462
    1.7393000    1.9971000    3.9756000    3.1796000    3.4761000    3.3858000   -0.14748248
    1.4828000    1.5235000    3.4678000    2.4125000    4.5677000    3.9182000    1.65909309
    1.9444000    2.2381000    3.7509000    3.6066000    3.8467000    5.8255000    0.55062152
    1.5567000    1.7488000    3.5598000    2.5291000    4.1692000    2.9129000    0.35176694
    1.9360000    1.9904000    3.8718000    2.0641000    3.0855000    2.0317000    0.97251317
    1.9309000    2.3508000    3.8141000    3.4220000    2.5979000    3.7410000    0.84595211
    1.9377000    2.3235000    5.6084000    3.4259000    5.3622000    4.0707000    0.51033969
    2.0783000    2.0883000    3.8670000    3.4028000    2.3611000    5.5419000    0.36387371
    1.8241000    1.9547000    3.7803000    3.4686000    4.8083000    2.1276000    0.24101577
    1.7262000    1.8487000    3.5768000    3.0308000    2.3505000    4.3525000   -0.09284896
    1.6706000    1.7814000    5.2413000    2.5979000    5.4073000    6.4512000   -0.46104406
    1.6101000    2.1704000    4.1306000    3.5970000    4.6142000    3.2505000    1.28229761
    1.7648000    1.8686000    3.5653000    3.4673000    2.7436000    4.2815000    0.48229080
    1.8587000    2.5211000    3.8400000    3.3360000    4.4069000    5.8475000    1.09613804
    1.7089000    2.4427000    4.2802000    3.6199000    5.7755000    4.6541000    1.16508216
    1.7009000    1.8801000    4.4167000    2.7903000    4.1960000    3.6521000   -0.48309561
    1.7524000    2.2638000    5.3829000    3.2191000    5.1606000    3.8961000    0.26326050
    1.9580000    2.5009000    5.0163000    3.7813000    5.7964000    2.8451000    1.15507535
    1.7567000    2.4612000    3.8256000    3.9222000    4.0307000    5.8517000    1.65307989
    1.6862260    1.7979278    3.6005423    3.0631544    4.4339605    1.9537158    0.25166486
    2.1060713    2.4238247    4.3928237    3.5247164    4.6007872    2.3795465    0.96453321
    2.0224638    2.0403370    4.8669864    3.3407903    4.5930527    3.8992100   -0.06475260
    1.7199194    1.7495690    5.5909771    2.3759307    4.3758657    5.3597557   -0.30756803
    1.4884092    1.9526228    4.9692332    3.0020737    3.6905775    5.5927861    0.77789950
    1.8284021    2.0274827    5.3554545    2.8758435    4.1585046    6.7749859   -0.40765728
    1.8388917    1.9024529    5.2072016    3.3544161    6.4281182    3.3166274   -0.28985447
    2.1850713    2.7615837    4.7603779    3.6315507    5.2394105    2.5230705    1.93047350
    1.4884276    2.0863668    4.5967171    2.1280403    5.8054110    6.4870512    1.79299220
    1.6915650    2.1303531    4.7474717    2.7147693    5.9565136    5.1145134    0.06849799
    1.7398835    2.5543546    4.0880341    2.8456298    4.0498297    6.2726182    1.38922415
    2.0675097    2.3424282    4.2085665    2.5440907    5.1723199    2.8522718    1.29116419
    1.9154313    1.9754507    5.3104751    2.6049750    6.2769285    6.9105961   -0.25594828
    2.1058951    2.6243278    5.0468069    3.4399986    3.4160656    4.5581561    1.74759134
    2.1972464    2.2759391    4.7507535    2.9497614    5.0769405    6.1920194    1.01584530
    1.5868579    1.8098228    3.2076101    2.1133796    3.5197883    2.3308234    1.12435827
    2.3025721    2.5618176    4.8347935    3.9963631    5.9714404    2.3122709    1.80034687
    1.4605035    1.7102257    5.2133455    3.0885300    6.5282099    4.3942036    1.59858584
    1.9477151    2.3142803    3.6160042    2.0395489    2.6811606    4.4382211    1.91109456
    1.9654904    2.0093372    4.5411358    3.0977563    2.6733308    5.6038905   -0.23066053
    1.4718894    1.6781958    3.2026658    2.6283752    2.5303617    4.0541547    1.37405706
    1.7895986    2.4829354    3.9016420    2.6659273    3.0995961    5.6441132    1.37790463
    1.8043338    2.5987742    4.6374750    3.5418498    6.4163007    5.1156329    1.31130296
    1.7326092    2.0499473    5.2437198    2.8549251    4.8197673    5.9643555   -0.30901209
    1.5375358    2.2018603    4.8950047    3.3875528    4.7471424    6.5149927    1.23513941
    1.9014633    1.9455573    4.9282317    2.6850846    6.3302227    6.1022525   -0.40217652
    1.8424256    2.2647796    5.4560165    3.4975646    5.7455717    4.1248681    0.37787377
    1.7470511    2.6036788    4.0631434    3.6886085    4.5181636    6.3984319    1.52671814
    1.8176403    2.4171471    4.0701748    2.6910506    3.9091240    3.7876205    1.01938703
    2.1689660    2.6227252    4.1849467    3.5499749    4.7462878    2.8340193    1.81151097
    1.5591817    2.3107613    4.9081437    3.5777642    5.9089993    2.8382025    1.56623218
    1.8673534    1.9189872    4.0941863    2.8956652    5.2278974    2.6705039   -0.40249990
    1.8572643    2.1501914    4.0286952    3.1375384    4.9162936    4.2853055   -0.04137104
    2.2656702    2.5279269    5.9674242    3.8026680    4.1899770    7.9656515    1.90720709
    2.2155702    2.2481682    3.9183687    2.9355099    4.3357303    4.3799987    1.06173798
    1.8397895    2.8339110    5.5185180    3.1395949    5.6645662    2.7219205    1.72045425
    1.7271973    2.0360731    5.6026366    2.9006942    5.6571810    3.7209813   -0.34483954
    2.0150827    2.0342708    4.9928808    3.3165890    4.0063411    5.2636213   -0.11672009
    2.3600065    2.4217410    4.7641481    2.9584192    3.7887909    2.8317949    1.94925572
    2.0108326    2.2544166    4.3594979    3.9561972    5.2804884    2.9067146    1.14118741
    2.0092259    2.0337001    4.8777098    3.9792616    5.1836492    5.9705347    1.21388975
    1.6733157    2.2054773    4.1771680    3.2898109    4.9825416    3.6632852    0.40485934
    2.3485565    2.3647987    5.2707285    3.8483156    4.9741943    4.4235898    1.72269130
    1.6270039    1.8249102    4.5250889    2.9026801    4.9071679    2.8899661   -0.22010023
    1.5436517    2.1625671    3.9739151    3.4026420    3.7622626    4.7942721    1.25855017
    2.1666309    2.5593605    4.6752446    3.8562055    3.8774926    4.8429314    1.82043848
    2.1939518    2.2512571    4.4991832    2.0542630    5.5355902    5.5029773    1.95102599
    1.4692767    1.5615931    3.9521828    2.4640800    4.5099547    4.7657113    1.37194458
    1.7602734    1.9122903    4.4107338    1.8691794    2.9673398    4.7489857    1.00719404
    1.9504938    1.9663272    3.7487301    2.4524156    2.0839042    4.3295379    0.33498788
    2.1695996    2.3717632    3.8396099    3.2358214    1.6957661    4.4600147    1.22939898
    1.7101875    1.8459178    4.5536002    2.5358954    4.9715162    3.7174976   -0.40456148
    2.0367196    2.0435345    3.4821177    3.0621276    2.0683993    3.9483390    0.24984893
    1.4633961    1.8054771    3.5681755    3.0143332    4.2195023    2.6071997    1.45496825
    2.2086313    2.5075238    5.9210436    2.8401819    6.4098413    4.0020836    1.86490224
    2.2518387    2.2805591    3.6265125    4.0896441    2.4374404    4.6237836    1.70678210
    1.9069002    2.4648741    4.4460436    2.8506061    5.3211882    3.1941340    1.08290161
    1.9647347    2.1252511    5.9426242    2.9255181    5.3970291    4.5803034   -0.02800157
    1.8600234    2.6929838    4.4208525    3.6982700    6.1830365    5.3673782    1.64340398
    2.1895884    2.2754722    4.7176278    2.8548444    3.9718608    6.5558223    1.07229206
    1.6600240    2.0762072    4.4438192    2.0501395    5.1997918    3.8355713    1.04762476
    1.8950613    2.0874231    3.8285259    2.8390936    4.4495037    2.1102083    0.02950351
    1.8789852    2.2205017    5.6478702    2.7346580    4.1456513    5.1172056    0.26414397
    1.9438956    2.0075437    4.2533800    2.8656117    3.7557546    5.8031096   -0.25926155
    2.2049059    2.5470744    5.9863199    3.8503357    7.5515403    3.8040405    1.82027659
    1.5482384    1.7095128    5.4703438    2.5062398    4.9701254    5.4321336    0.14418624
    1.7208027    1.9804589    5.9906326    2.7644791    5.9194149    7.1674549   -0.42432548
    1.6499102    2.1673873    5.9329066    2.9445238    4.5567798    5.6860847    0.16807539
    1.8588604    2.9626149    4.8490492    4.1399267    5.0061949    7.6726917    2.55231879
    2.1915879    2.6674056    4.0977214    3.0591200    3.6833566    3.6747176    2.26680381
    1.4334072    1.9966769    4.0693674    3.3675618    5.3862691    2.6907122    2.45677137
    1.9406556    2.7973608    5.3632897    4.0417631    5.2932119    5.0460713    2.16205228
    1.6624538    2.8688472    4.3708788    3.5189955    5.1395889    3.3714296    2.29432631
    1.7580949    1.9898840    5.0627276    2.9074349    4.3827678    5.6221830   -0.47285632
    1.8990692    1.9887887    4.0851377    2.9559812    4.3700054    2.2288486   -0.24232517
    1.7414995    1.7967900    4.1915766    2.6693978    3.9969144    3.3066392   -0.49786038
    1.6196895    2.5860511    4.1422725    3.7261168    5.1006103    4.6876577    1.99407028
    2.2101140    2.7376733    4.0617225    4.6980264    4.8628220    5.5783285    3.44905409
    1.7031646    1.9449443    3.4738782    2.6865475    3.4971630    2.1518583    0.05722199
    1.7807058    1.7919128    3.2487374    2.8582067    3.5275693    1.7976624    0.31092708
    1.6309145    1.6723910    3.9914443    2.8177348    2.7065859    4.7375796    0.06615829
    1.6594873    1.8414876    4.1994039    3.1124237    4.7031200    2.8173170   -0.08710374
    1.6791540    2.5306276    4.6228659    3.4761996    5.7500774    3.8881226    1.32003490
    1.9794143    2.3871827    4.1972680    3.8121736    5.0736092    2.1948650    0.79709024
    1.5187969    1.5796632    5.1129110    2.6582251    4.4156682    5.0608345    0.77680046
    1.7242940    2.3667171    4.3296132    3.3792012    4.7631843    2.9787033    0.71299201
    1.7468882    2.3627799    4.0613934    3.3744678    3.5525810    3.9355106    0.73150083
    1.9318891    2.7675798    5.5940817    3.8315929    6.6338317    7.7966214    1.91588695
    1.8145132    2.8281883    4.6099894    3.4639650    5.6376792    4.7993710    1.95124388
    2.2568385    2.5293159    4.6851520    3.1550863    5.5549300    4.6791262    1.92270225
    2.0034326    2.6609298    5.9393635    3.0471944    6.5476385    4.8214192    1.72535307
    1.5871733    2.4150948    3.7610113    3.5848740    3.2710630    3.7649099    1.81580828
    2.0955061    2.3285809    6.2243328    3.9412977    7.9628672    4.9064467    1.22433144
    1.9583241    2.3080038    4.0569089    3.8161336    2.3493920    5.9917194    1.07661333
    2.2023633    2.2971824    6.0016774    4.1463695    5.7204189    6.9192435    1.69025188
    1.9599701    2.4026589    4.3464665    3.6807170    2.9482155    4.7475931    1.02538669
    1.8138470    2.3652653    4.0420872    2.5555629    4.9496626    2.5374432    0.98416064
    2.2637241    2.4154550    4.4232233    3.4790680    4.5368197    5.6584145    1.52681304
    2.0215862    2.3836736    5.6992154    3.9450136    6.2067190    5.3519124    1.26558160
    2.0513864    2.5977269    6.2003682    3.6910968    7.2047308    4.9393998    1.56196654
    1.4408611    2.0721499    4.1388232    2.8835016    2.8098365    5.0864290    1.56714402
    1.8001557    2.6473173    6.3577976    3.1393601    5.9845900    8.8544443    1.43588326
    1.4593450    2.0156908    5.8480368    2.5070841    6.2499819    7.1585116    1.16714071
    2.2184622    2.3222693    6.3618758    2.4318749    5.0973842    7.3003349    1.67698115
    2.0845327    2.6526929    4.7939564    3.5046742    6.7899074    4.8902090    1.76430999
    2.1015999    2.1329254    5.5034452    3.9398518    6.9104950    6.0875952    0.98764763
    1.9613264    2.6448034    3.9578686    4.0903093    5.1369511    2.2569838    1.41881194
    1.6154483    2.3247031    4.1289359    2.6082513    4.0343775    2.4163431    1.01424078
    2.2229814    2.2486447    4.6960276    3.7387901    4.5369081    5.7986305    1.05355008
    2.0702738    2.4943579    4.4935557    3.9466421    5.4778606    2.2058013    1.14220292
    1.8659000    1.8685000    2.8775000    3.6407000    2.0729000    4.0114000    1.33490767
    1.7612000    1.9285000    2.8841000    2.7776000    2.5522000    3.4809000    0.15792250
    1.7754000    2.2922000    3.3627000    2.7233000    3.7916000    4.7373000    0.71315196
    1.6305000    1.9143000    2.9546000    3.1046000    3.1368000    2.1036000    0.84709100
    1.7217000    2.0871000    3.0308000    3.3055000    1.9510000    3.5536000    1.05075530
    1.6507000    2.1377000    2.3418000    2.8348000    2.4018000    4.2716000    1.28582025
    2.0346000    2.3420000    3.6312000    3.2335000    4.1644000    5.5012000    0.82074604
    1.9883000    1.9966000    2.3572000    2.3182000    3.7198000    2.4928000    1.46016483
    1.7080000    2.1015000    2.2175000    2.5036000    2.9619000    3.5432000    0.84816692
    1.6933000    2.3465000    2.6596000    3.3989000    3.9703000    2.6665000    1.38036333
    1.6826000    2.4390000    2.4403000    3.7518000    3.5934000    3.9330000    1.55504837
    1.8928000    1.9247000    2.9599000    2.5690000    4.2876000    1.9594000    0.73456724
    1.9517000    2.1128000    3.1965000    2.5208000    2.4677000    2.2870000    0.84584387
    1.9329000    2.4082000    2.4650000    2.0903000    3.5215000    3.5745000    1.93160723
    1.7813000    2.0642000    3.0573000    2.1231000    3.7091000    4.6909000    1.02536279
    1.8520000    2.0669000    3.0216000    3.8884000    4.0128000    3.0863000    1.53539506
    1.8959000    2.2363000    2.2408000    3.3377000    3.2557000    4.2619000    0.60175614
    1.4987000    1.8963000    2.2917000    3.0912000    3.3054000    3.3739000    1.73914902
    1.4688000    1.8193000    1.8365000    2.6545000    2.5228000    2.4908000    2.22197507
    1.8671000    2.1831000    2.3097000    2.7334000    2.7796000    1.7394000    1.38816388
    1.7487000    1.9780000    1.9822000    3.4407000    2.1389000    3.3504000    1.36460371
    1.5847000    1.8448000    1.9329000    3.0545000    2.5217000    2.6003000    1.46078811
    2.0925985    2.4401807    3.2993568    2.8429241    2.9038764    5.2116351    1.68919407
    1.5653797    1.7510985    2.9282197    1.8931589    3.2513486    4.5564469    1.86438363
    2.2498347    2.4102209    2.4908546    3.9167668    3.4683803    2.3576039    1.89545566
    2.3591659    2.3761604    3.3016360    3.8120098    3.8475725    2.1685704    1.79537784
    1.5848147    2.4356320    2.9981984    3.0581963    4.1504052    2.3658865    1.75662238
    1.5190646    2.1147053    3.1753844    3.3023714    3.1970810    2.5424002    1.73202215
    1.9498077    2.2204849    2.8650147    3.1206887    1.3583019    3.4071084    1.96551429
    1.5047477    1.8883784    3.1347187    3.1902248    2.7927473    4.1196931    1.44053071
    1.8539250    2.4642975    3.3481432    3.5106519    4.9623151    4.1808229    1.13326674
    2.0460197    2.3612345    2.5245068    3.5546267    4.2429950    2.4717951    1.50945025
    1.7896760    2.4718741    3.4530750    3.8365682    5.2164345    3.0536210    1.52394839
    2.0116961    2.4008927    3.6386783    4.1102404    4.2326853    3.5199726    1.78959125
    2.1766983    2.5451248    3.3853663    3.7999525    4.5277274    4.2287923    1.90886086
    1.8290012    2.0090915    2.8860230    3.7463253    3.8158851    2.2059251    1.44064688
    1.8707631    2.6307986    3.8052825    2.8000125    5.3831761    3.8215042    1.78536797
    2.0427718    2.2241521    3.0734722    2.8275863    1.3122767    3.8564849    1.92275705
    2.0544028    2.3657415    3.4610417    2.8594696    4.7663783    3.7570648    1.18654731
    1.9852029    2.5794066    2.8126882    4.1319280    4.0589443    2.6552868    1.87857129
    1.8785204    2.4010974    2.9190401    3.2737084    2.8068728    2.3519712    1.16071253
    1.7616855    2.4196152    2.8503638    3.2463830    4.0119942    3.2589673    1.23056142
    2.0849281    2.1747213    2.8994890    2.6727991    4.6401841    3.7292774    1.07078177
    2.0526851    2.1430548    3.1096273    3.8694719    4.0746386    2.8237749    1.19046571
    2.2352166    2.3894158    3.3501422    3.5589335    3.8832214    4.2213962    1.54871595
    2.4110263    2.4922214    3.7358068    3.6260152    2.6091121    5.2448404    2.24237321
    1.5150918    2.3531649    2.7546470    3.3197315    1.8734024    3.8598355    3.09565156
    1.8467651    2.2226669    2.8057507    3.7772699    1.7576251    3.8933925    2.03919593
    2.0974509    2.5393825    3.0155347    4.1004691    4.6942589    3.5898351    2.08397302
    2.2938426    2.5604951    3.8299319    4.5581826    4.5254629    3.0034120    3.04918307
    1.4017854    2.2589302    2.6058763    2.6597543    2.3740766    2.8434055    3.51875930
    1.7812142    2.5069580    3.6856683    3.9227351    3.5297003    5.2025975    1.70763073
    1.9451141    2.0592377    2.2679794    1.5023514    2.9485665    3.1247634    2.67989988
    1.7607363    2.6632267    3.9214981    3.7879705    4.9265234    3.1173963    1.72995300
    2.1767218    2.4584187    3.2873116    3.7122770    4.2603655    3.1039085    1.67235995
    1.5075271    2.0300057    2.8045365    2.7042158    2.1535472    4.3804308    1.78355952
    2.1115723    2.2362368    2.6811494    3.6587736    3.1109830    3.4271580    1.26755180
    1.7693146    1.9591349    2.9411720    2.6731307    1.6464726    2.8864905    1.07914377
    1.9982922    2.2437682    2.7005920    3.3935057    1.5842529    3.7842517    1.67816138
    1.7064688    1.9561323    2.6154842    3.3882054    1.8875392    4.0477216    1.50198520
    1.6264002    2.0609782    2.7796088    3.2981255    3.4089542    2.7984768    0.99084843
    1.6926022    1.8486208    2.3431269    1.9427369    3.5588303    3.5604294    1.72116454
    1.7348060    1.7369020    1.8948088    3.0695079    3.0713883    2.9979050    0.58508304
    1.9153341    1.9376123    2.1235889    3.5305855    3.1688465    3.0803494    0.49122371
    2.2918453    2.3142285    2.3590406    3.8217426    4.2458922    3.4647607    1.48293415
    1.6399574    1.8680927    2.1642301    2.7346266    3.6134145    3.2563234    0.93290966
    1.7701536    1.8513541    2.0190600    3.2165946    2.7975227    3.4411843    0.51372675
    1.5464570    1.5774759    2.0361908    2.2554246    3.1712772    3.2509038    2.34918674
    1.8105265    1.8458361    2.1721429    3.0128978    3.3479673    2.9512654    0.28803006
    1.8703218    1.8950874    1.9280001    3.0877261    3.0999325    2.6247950    0.31058160
